10 10 100
20 20 400
30 30 900
40 40 1600
50 50 2500
60 60 3600
70 70 4900
80 80 6400
90 90 8100
100 100 10000
110 110 12100
120 120 14400
130 130 16900
140 140 19600
150 150 22500
160 160 25600
170 170 28900
180 180 32400
190 190 36100
200 200 40000
210 210 44100
220 220 48400
230 230 52900
240 240 57600
250 250 62500
260 260 67600
270 270 72900
280 280 78400
290 290 84100
300 300 90000
310 310 96100
320 320 102400
330 330 108900
340 340 115600
350 350 122500
360 360 129600
370 370 136900
380 380 144400
390 390 152100
400 400 160000
410 410 168100
420 420 176400
430 430 184900
440 440 193600
450 450 202500
460 460 211600
470 470 220900
480 480 230400
490 490 240100
500 500 250000
510 510 260100
520 520 270400
530 530 280900
540 540 291600
550 550 302500
560 560 313600
570 570 324900
580 580 336400
590 590 348100
600 600 360000
610 610 372100
620 620 384400
630 630 396900
640 640 409600
650 650 422500
660 660 435600
670 670 448900
680 680 462400
690 690 476100
700 700 490000
710 710 504100
720 720 518400
730 730 532900
740 740 547600
750 750 562500
760 760 577600
770 770 592900
780 780 608400
790 790 624100
800 800 640000
810 810 656100
820 820 672400
830 830 688900
840 840 705600
850 850 722500
860 860 739600
870 870 756900
880 880 774400
890 890 792100
900 900 810000
910 910 828100
920 920 846400
930 930 864900
940 940 883600
950 950 902500
960 960 921600
970 970 940900
980 980 960400
990 990 980100
1000 1000 1000000
